15  -30.669  160   0
13   -5.249 -280   0
17  -94.278 -350 -35
24   94.699  270  35
16   60.109  250   0
23   60.111 -250   0
18  -92.118  220   0
25   92.111 -220   0
19    2.220  210 -60
26    2.122 -210 -60
20  -92.279 -160   0
27   92.298  160   0
21  -92.026  300   0
28  -91.944 -300   0
22   44.581  120  15
29   44.878 -120  15
 7   33.000 -350  10
 1  -35.391  350 -10
 3   -1.403  190  15
 9   -1.607 -230  15
 6   44.887 -200   0
 2   42.664  350 -20
 0  -45.764  200   0
 8   43.466 -310 -20
 4   43.446 -300 -15
10   43.492  200 -15
 5  -23.779 -170   0
11   24.430  200   0
14   45.179 -160   0
12   44.933  200   0
30    0.000    0   0
31    0.000    0   0
32    0.000    0   0
33    0.000    0   0
34    0.000    0   0
35    0.000    0   0
36    0.000    0   0
37    0.000    0   0
38    0.000    0   0
39    0.000    0   0
0.000000000e+00 0.000000000e+00 0.000000000e+00   2.5000000 -0.12527718402
0.000000000e+00 0.000000000e+00 0.000000000e+00   2.5000000 -0.16521320756
0.000000000e+00 0.000000000e+00 0.000000000e+00   2.5000000  0.11771540272
0.000000000e+00 0.000000000e+00 0.000000000e+00 125.0000000 -0.00019332929
0.000000000e+00 0.000000000e+00 0.000000000e+00 125.0000000  0.00310925449
0.000000000e+00 0.000000000e+00 0.000000000e+00 125.0000000 -0.03566934593
0.000000000e+00 0.000000000e+00 0.000000000e+00 125.0000000  0.00019332929
0.000000000e+00 0.000000000e+00 0.000000000e+00 125.0000000 -0.00310925449
limit
 0  -45.764   29.189
 1  -35.590   19.685
 2 -127.844   42.600
 3   -1.343  150.406
 4  -75.010   42.808
 5  -19.962   36.374
 6  -30.244   44.887
 7  -20.154   34.890
 8 -127.024   42.272
 9   -1.463  149.691
10  -74.812   42.642
11  -36.043   20.596
12  -45.214   44.933
13   -5.249   60.597
14  -44.905   45.179
15  -30.669   44.951
16 -180.380   60.109
17  -94.287   11.288
18  -92.118   92.131
19 -137.242    2.220
20  -92.279   92.389
21  -92.026   89.347
22   -0.826   44.581
23 -180.343   60.111
24  -10.966   94.699
25  -92.050   92.111
26 -137.327    2.122
27  -92.228   92.298
28  -91.944   88.982
29   -0.074   44.878
30    0.000   45.000
31    0.000   45.000
32    0.000   45.000
33    0.000   45.000
34    0.000   45.000
35    0.000   45.000
36    0.000   45.000
37    0.000   45.000
38    0.000   45.000
39    0.000   45.000
da_limit
 0 1200
 1 1600
 2 2047
 3 2047
 4 1600
 5 1600
 6 1200
 7 1600
 8 2047
 9 2047
10 1600
11 1600
12 1600
13 1600
14  600
15  600
16 1600
17  800
18 1200
19  800
20  600
21 1200
22  300
23 1600
24  800
25 1200
26  800
27  600
28 1200
29  300
30  600
31  600
32  600
33  600
34  600
35  600
36  600
37  600
38  600
39  600
